Generation 28
54.4715480597834
34.2476296296296
1
-0.0264403674072441


54.4749760043877
34.1191111111111
0.91304347826087
-0.0338098419591177


54.4808720691074
34.4162962962963
0.888888888888889
-0.0320281587239106


54.4748388866035
34.3809259259259
1
-0.0391505242906202


54.478266831208
34.2778148148148
0.875
-0.0314305403663573


54.4810091868915
34.1651481481481
0.888888888888889
-0.0577412112101898


54.4748388866036
34.176
0.91304347826087
-0.0381595593757831


54.4773070067188
34.2098888888889
0.888888888888889
-0.0233737034257803


54.4727821198409
34.3471111111111
0.875
-0.0314312836569534


54.4800493624023
34.1147777777778
1
-0.0236861447883875


54.4843000137118
34.1921481481481
0.875
-0.0448563311979901


