Generation 11
54.4812834224599
34.2371851851852
0.971428571428571
-0.246741395087075


54.4762100644453
34.8998148148148
0.880952380952381
-6.79720128517993


54.4757987110928
34.3661481481482
0.904761904761905
-0.142050320778273


54.4770327711504
34.4307037037037
0.928571428571429
-0.159864608060369


54.4792266556972
34.2755185185185
0.888888888888889
-0.0485670453100284


54.4789524201289
34.353037037037
0.91304347826087
-0.061240573449387


54.4775812422871
34.2806666666667
1
-0.0474154362702119


54.4855340737694
34.2712592592592
0.904761904761905
-0.0198467039523762


54.4707253530783
34.3150740740741
0.875
-0.0259480698041881


54.478266831208
34.2128148148148
0.95
-0.0249975834498586


54.4814205402441
34.2441851851852
0.928571428571429
-0.0273279546779254


54.4827917180858
34.3324444444445
0.880952380952381
-0.0867465938620353


54.4747017688194
34.4705925925926
0.875
-0.0295680216760997


