Generation 51
54.4774441245029
34.1349259259259
0.875
-0.0083821710767721


54.480597833539
34.4124074074074
0.888888888888889
-0.0376130631713115


54.4819690113807
34.4063333333333
0.880952380952381
-0.0303394180021108


54.4729192376251
34.3756296296296
0.972222222222222
-0.0408715469756106


54.4778554778555
34.0951111111111
0.875
-0.00990691242973818


54.4734677087618
34.3496666666667
0.875
-0.0224953789022029


54.4738790621144
34.302037037037
0.875
-0.00617248328511964


54.4770327711504
34.3432222222222
0.880952380952381
-0.0239367749602228


