Generation 16
54.4856711915535
34.3276296296296
0.888888888888889
-0.0205247960960888


54.4843000137118
34.1921481481481
0.875
-0.0196820237319191


54.4747017688194
34.288
1
-0.0134325997875344


54.480597833539
34.2592962962963
0.888888888888889
-0.0131194433252334


54.4844371314959
34.3218518518519
0.91304347826087
-0.0297676038321765


54.4767585355821
34.3276296296296
0.875
-0.0198626323119251


54.4755244755244
34.2236296296296
0.875
-0.0110927284087922


54.4738790621144
34.5049259259259
0.875
-0.0103350891375742


54.4767585355821
34.1972222222222
0.888888888888889
-0.0129246501513701


54.4726450020568
34.4327037037037
0.888888888888889
-0.0273808147503104


54.4781297134239
34.1455185185185
0.888888888888889
-0.0130254514161916


54.4800493624023
34.1147777777778
1
-0.0150644507515217


54.4719594131359
34.3887777777778
1
-0.0132782243845563


54.4747017688194
34.4705925925926
0.875
-0.0182394668722124


54.4757987110928
34.2948888888889
0.875
-0.0110963551484113


