Generation 1
56.43630878925
39.0287407407408
0.888888888888889
-2.83432584931482


56.1314959550254
38.4757037037037
0.904761904761905
-2.17124157956655


55.8442341971753
37.992
0.926829268292683
-1.78088295759398


55.5325654737419
37.9478148148148
0.928571428571429
-2.65964362508014


61.9943781708487
50.0968518518518
0.952380952380952
-6.55595537412932


56.438639791581
38.7645925925926
0.916666666666667
-3.39275593466584


56.7297408473879
39.7874444444445
0.904761904761905
-4.09347304769325


56.7271356094886
39.1348148148148
0.951219512195122
-3.75354216663058


