Generation 30
54.4830659536542
34.4008518518519
0.888888888888889
-0.0712313377103448


54.4762100644453
34.4131851851852
0.875
-0.019867368279777


54.4771698889346
34.3338518518519
0.875
-0.00957978020929132


54.4771698889346
34.3401481481482
0.875
-0.0195341109583484


54.4778554778555
34.3409259259259
1
-0.0784232339299916


54.4797751268339
34.099962962963
0.875
-0.00949440354379259


54.4762100644454
34.4195555555556
0.942857142857143
-0.143315536152707


54.4729192376251
34.2462222222222
0.91304347826087
-0.0230942106625943


54.4749760043877
34.1191111111111
0.91304347826087
-0.0162434011602988


54.4748388866036
34.176
0.91304347826087
-0.0153941463643922


54.4773070067188
34.2098888888889
0.888888888888889
-0.0474372639020319


54.4810091868915
34.1651481481481
0.888888888888889
-0.0685550712529844


54.4715480597834
34.2476296296296
1
-0.0727694924565024


54.478266831208
34.2778148148148
0.875
-0.00842152536175378


54.4727821198409
34.3471111111111
0.875
-0.00825995070184347


54.4800493624023
34.1147777777778
1
-0.0507409539189362


54.4843000137118
34.1921481481481
0.875
-0.0273839257462786


