Generation 5
55.181681064034
36.117
0.916666666666667
-1.08481375982149


56.1379404908817
38.4425555555556
0.880952380952381
-1.09269504147888


54.4793637734814
34.447962962963
1
-0.989987378058907


55.8434114904703
37.3675185185185
0.880952380952381
-0.916603661813221


54.4784039489921
34.6120370370371
0.926829268292683
-1.29404037912553


56.4382284382284
39.2815555555556
0.880952380952381
-1.13650478713564


55.1805841217606
36.5612962962963
0.928571428571429
-1.75539023336996


55.1772932949403
36.5725185185185
0.928571428571429
-1.75159723647785


54.4742904154669
34.3160740740741
0.888888888888889
-0.909107012860559


54.4781297134238
34.3494814814815
0.888888888888889
-0.989036971083048


55.5296860002742
37.4411481481481
0.904761904761905
-1.70300583582153


