Generation 37
54.4822432469491
34.2519629629629
0.904761904761905
-0.00597918570084741


54.4762100644454
34.5665185185185
0.875
-0.00357983190092816


54.4801864801865
34.317037037037
0.95
-0.0301813230949713


54.4797751268339
34.3206296296296
0.875
-0.0300742659029755


54.4801864801865
34.5776666666667
0.944444444444444
-0.0512991795329811


54.4784039489922
34.431037037037
0.880952380952381
-0.0038291197838108


54.4768956533662
34.2629259259259
0.875
-0.00358064800259006


54.4807349513231
34.5008888888889
0.944444444444444
-0.0514742599096486


54.4715480597834
34.2476296296296
1
-0.0751327052980949


54.4731934731934
34.2644074074074
0.880952380952381
-0.0035476389214061


54.4748388866036
34.176
0.91304347826087
-0.00954261620023445


54.4729192376251
34.2462222222222
0.91304347826087
-0.015570338854828


54.4797751268339
34.099962962963
0.875
-0.00379707310813663


