Generation 24
54.4774441245029
34.5038888888889
0.91304347826087
-0.101989397368641


54.4748388866036
34.176
0.91304347826087
-0.0312136526161413


54.479775126834
34.3091851851852
0.95
-0.044816111502901


54.4788153023447
34.3366666666667
0.888888888888889
-0.0750104742354932


54.4719594131359
34.3887777777778
1
-0.0371302729988454


54.4815576580282
34.5544074074074
0.916666666666667
-0.162674093221776


54.478266831208
34.2778148148148
0.875
-0.0265740586290225


54.4730563554093
34.2884814814815
1
-0.0861486935052107


54.4838886603592
34.0286666666667
0.91304347826087
-0.0265408428757055


54.4773070067188
34.2098888888889
0.888888888888889
-0.0369660097995051


54.4727821198409
34.3471111111111
0.875
-0.0268728020274892


54.4726450020568
34.4327037037037
0.888888888888889
-0.0570660012247186


54.4800493624023
34.1147777777778
1
-0.0396512077077816


54.4843000137118
34.1921481481481
0.875
-0.0392862012857157


