Generation 45
54.4781297134238
34.1421111111111
0.951219512195122
-0.0949945909861019


54.4807349513232
34.2215925925926
0.888888888888889
-0.034585211705034


54.4862196626902
34.2664814814815
0.888888888888889
-0.0347259938405607


54.479089537913
34.5596666666667
0.95
-0.0694417544821779


54.4756615933087
34.3904814814815
0.888888888888889
-0.0357422442375378


54.4778554778555
34.0951111111111
0.875
-0.0120906900987023


54.4763471822295
34.4048518518518
0.944444444444444
-0.0373725670903898


54.4734677087618
34.4398888888889
0.880952380952381
-0.0499424227199663


54.4738790621144
34.302037037037
0.875
-0.0124607737779964


54.4774441245029
34.1349259259259
0.875
-0.00906100609326933


54.4748388866036
34.176
0.91304347826087
-0.0116767622297511


54.4729192376251
34.3756296296296
0.972222222222222
-0.0329282030990029


54.4768956533662
34.2629259259259
0.875
-0.00903560569726851


54.4747017688194
34.3771481481482
0.91304347826087
-0.0163446608148227


