Generation 23
54.478266831208
34.2778148148148
0.875
-0.0224202330114949


54.4777183600713
34.345
1
-0.0365996503145976


54.4730563554093
34.2884814814815
1
-0.0325735303735254


54.4838886603592
34.0286666666667
0.91304347826087
-0.0271299714621245


54.4773070067188
34.2098888888889
0.888888888888889
-0.0248335071881858


54.4727821198409
34.3471111111111
0.875
-0.0229292330761493


54.4748388866036
34.176
0.91304347826087
-0.035231247063518


54.4726450020568
34.4327037037037
0.888888888888889
-0.0579145202893567


54.4800493624023
34.1147777777778
1
-0.0250993438003391


54.4719594131359
34.3887777777778
1
-0.0253752661469027


54.4843000137118
34.1921481481481
0.875
-0.031616441654175


