Generation 46
54.4755244755245
34.2403333333333
0.875
-0.00348457139976156


54.4734677087618
34.4398888888889
0.880952380952381
-0.0471837915708987


54.4836144247909
34.2797037037037
0.904761904761905
-0.0445690714601514


54.4816947758124
34.3247037037037
0.875
-0.0367182561242375


54.4719594131359
34.2512222222222
0.875
-0.00387061861845068


54.4830659536542
34.4813703703704
0.888888888888889
-0.0671351952783307


54.4778554778555
34.0951111111111
0.875
-0.0181229844550883


54.4774441245029
34.1349259259259
0.875
-0.0133805422603427


54.4748388866036
34.176
0.91304347826087
-0.0126706744411461


54.4729192376251
34.3756296296296
0.972222222222222
-0.0584507321023747


54.4768956533662
34.2629259259259
0.875
-0.0133516767792331


54.4747017688194
34.3771481481482
0.91304347826087
-0.010174872458288


