Generation 18
54.4789524201289
34.4668888888889
0.880952380952381
-0.0706869931400178


54.4779925956396
34.4244074074074
0.904761904761905
-0.0453985369098959


54.4777183600713
34.3566296296296
0.875
-0.0152507801778025


54.4785410667764
34.251962962963
0.888888888888889
-0.0159496963127262


54.4777183600713
34.3192222222222
1
-0.0241821686945221


54.4764843000138
34.2540740740741
1
-0.0139525497625835


54.4836144247909
34.4057777777778
0.875
-0.0248402884074686


54.4811463046757
34.4193703703703
0.875
-0.0154897483315034


54.4807349513232
34.3056666666667
0.91304347826087
-0.0289570228823864


54.4747017688194
34.288
1
-0.013912790324295


54.4733305909776
34.3632962962963
0.888888888888889
-0.014905470680954


54.4755244755244
34.2236296296296
0.875
-0.0115458346880475


54.4738790621144
34.5049259259259
0.875
-0.0126955449026079


54.4726450020568
34.4327037037037
0.888888888888889
-0.0276136850757091


54.4800493624023
34.1147777777778
1
-0.0156220325442883


54.4719594131359
34.3887777777778
1
-0.0158745972776053


54.4747017688194
34.4705925925926
0.875
-0.0154521381244632


54.4843000137118
34.1921481481481
0.875
-0.0248596453129452


