Generation 34
54.4757987110928
34.1320740740741
0.944444444444444
-0.0648734940288764


54.4748388866035
34.452
0.971428571428571
-0.0714624687619214


54.475935828877
34.4024074074074
0.95
-0.085992839113452


54.48292883587
34.4998148148148
0.928571428571429
-0.0335188783650799


54.4715480597834
34.2476296296296
1
-0.0849160149700612


54.4773070067188
34.0257777777778
0.875
-0.0301709338218015


54.4748388866036
34.176
0.91304347826087
-0.0136001902005012


54.476758535582
34.195037037037
0.875
-0.0106985562434118


54.4729192376251
34.2462222222222
0.91304347826087
-0.0253009908256677


54.4764843000137
34.3986296296296
0.880952380952381
-0.010083277740251


