Generation 40
54.4766214177979
34.3918518518519
0.91304347826087
-0.0121376224702471


54.4781297134238
34.3157777777778
0.928571428571429
-0.0522723279070513


54.473604826546
34.3823703703703
0.928571428571429
-0.0222177111063304


54.4756615933087
34.4052222222222
0.91304347826087
-0.0281613817476951


54.4811463046757
34.1762592592593
0.888888888888889
-0.0471109136102985


54.4738790621144
34.302037037037
0.875
-0.00979165750578442


54.4774441245029
34.1349259259259
0.875
-0.00768266726688641


54.4748388866036
34.176
0.91304347826087
-0.0108902177206015


54.4729192376251
34.3756296296296
0.972222222222222
-0.0505655282952744


54.4767585355821
34.2487407407408
0.875
-0.00927628051944888


54.4747017688194
34.3771481481482
0.91304347826087
-0.0121257150830151


54.4822432469491
34.1571481481481
0.880952380952381
-0.0076917885482795


