Generation 17
54.4801864801864
34.294
0.875
-0.0578664796806887


54.4843000137118
34.1921481481481
0.875
-0.0496270568496431


54.4800493624023
34.1677037037037
0.875
-0.0335507251413898


54.4733305909776
34.3632962962963
0.888888888888889
-0.0047883731199217


54.4747017688194
34.288
1
-0.0052149996621656


54.4755244755244
34.2236296296296
0.875
-0.0317686094801737


54.4738790621144
34.5049259259259
0.875
-0.0343495329178569


54.4726450020568
34.4327037037037
0.888888888888889
-0.0191521052394041


54.4800493624023
34.1147777777778
1
-0.00613788627867552


54.4719594131359
34.3887777777778
1
-0.00529335508432162


54.4747017688194
34.4705925925926
0.875
-0.0333196870122658


