Generation 19
54.4738790621144
34.5049259259259
0.875
-0.0155060791811682


54.4773070067188
34.2098888888889
0.888888888888889
-0.00501988821060813


54.4730563554093
34.2884814814815
1
-0.060930109392256


54.4719594131359
34.3887777777778
1
-0.00499221086415838


54.483751542575
34.3764814814815
0.875
-0.0186286609853521


54.4727821198409
34.3471111111111
0.875
-0.0141672707725404


54.4762100644453
34.3023333333333
0.875
-0.0141136285926771


54.4747017688194
34.288
1
-0.00388199473528114


54.4726450020568
34.4327037037037
0.888888888888889
-0.017252293447983


54.4800493624023
34.1147777777778
1
-0.00555039205097322


54.4747017688194
34.4705925925926
0.875
-0.0175187054271327


54.4843000137118
34.1921481481481
0.875
-0.0282931631634358


54.4764843000138
34.2540740740741
1
-0.00395617570756218


