Generation 31
54.4777183600713
34.1906666666667
0.875
-0.00399938225706564


54.4727821198409
34.3471111111111
0.875
-0.00336156994217671


54.4789524201289
34.4810740740741
0.944444444444444
-0.120444182866469


54.4762100644454
34.450962962963
0.888888888888889
-0.0600709775794916


54.476758535582
34.195037037037
0.875
-0.00400777195019674


54.4715480597834
34.2476296296296
1
-0.0738565967494156


54.4768956533662
34.3180740740741
0.91304347826087
-0.0465332819141054


54.4797751268339
34.099962962963
0.875
-0.00396120626541137


54.4729192376251
34.2462222222222
0.91304347826087
-0.0155940706753011


54.4749760043877
34.1191111111111
0.91304347826087
-0.0104890288991013


54.4748388866036
34.176
0.91304347826087
-0.0113261138003452


54.4773070067188
34.2098888888889
0.888888888888889
-0.0617566518161422


54.4762100644453
34.4131851851852
0.875
-0.0123475596229375


