Generation 54
54.4790895379131
34.3264444444444
0.91304347826087
-0.0146740761568454


54.4818318935966
34.6915185185185
0.875
-0.0893094148079324


54.4808720691073
34.5441481481482
0.888888888888889
-0.120145414989313


54.4756615933087
34.2715185185185
0.875
-0.00543608090542455


54.4729192376251
34.3756296296296
0.972222222222222
-0.0706948483175981


54.4774441245029
34.1349259259259
0.875
-0.00993220224184829


54.4815576580282
34.1904444444444
0.875
-0.0203948168550178


54.476758535582
34.2662592592593
0.875
-0.00542992545583269


54.4720965309201
34.2905925925926
0.875
-0.00543626945659073


54.4778554778555
34.0951111111111
0.875
-0.0105490215654119


54.4734677087618
34.3496666666667
0.875
-0.0219938686022405


54.4748388866036
34.6126296296296
0.875
-0.0219941323620644


