Generation 25
54.4810091868915
34.1651481481481
0.888888888888889
-0.0575973559977444


54.4810091868915
34.5493703703704
0.91304347826087
-0.0773843725826057


54.4819690113808
34.1675925925926
1
-0.0585803132115111


54.4763471822295
34.351962962963
0.875
-0.0492141005960669


54.4738790621144
34.3330740740741
0.91304347826087
-0.0190619098427137


54.4748388866036
34.3133333333333
0.91304347826087
-0.0306131216667537


54.4838886603592
34.0286666666667
0.91304347826087
-0.0204419034462922


54.478266831208
34.2778148148148
0.875
-0.0196520190726848


54.4730563554093
34.2884814814815
1
-0.0584775028106418


54.4748388866036
34.176
0.91304347826087
-0.0183087455449225


54.4773070067188
34.2098888888889
0.888888888888889
-0.0298681463245561


54.4727821198409
34.3471111111111
0.875
-0.0187440659908787


54.4800493624023
34.1147777777778
1
-0.0318664699581315


54.4719594131359
34.3887777777778
1
-0.0294672359323577


54.4843000137118
34.1921481481481
0.875
-0.0414518625740298


