Generation 38
54.4792266556972
34.3422962962963
1
-0.0860471676370954


54.4748388866036
34.176
0.91304347826087
-0.0111731423656412


54.4729192376251
34.3756296296296
0.972222222222222
-0.056213370018171


54.4804607157548
34.2014444444444
0.875
-0.00455301422082369


54.4767585355821
34.2487407407408
0.875
-0.0117598637028792


54.4729192376251
34.2462222222222
0.91304347826087
-0.0151614127475783


54.4715480597834
34.2476296296296
1
-0.0647089477259748


54.4762100644454
34.5665185185185
0.875
-0.00419593240350349


54.4797751268339
34.099962962963
0.875
-0.00439908094632017


54.4797751268339
34.3206296296296
0.875
-0.0469976441224711


