Generation 47
54.4760729466612
34.4917777777778
0.875
-0.00787839127312302


54.4827917180858
34.266
0.880952380952381
-0.0405526252535698


54.4719594131359
34.2512222222222
0.875
-0.00497997079983565


54.4755244755245
34.2403333333333
0.875
-0.00781305354319404


54.4778554778555
34.0951111111111
0.875
-0.00265182635184362


54.4774441245029
34.1349259259259
0.875
-0.00190058932390093


54.4748388866036
34.176
0.91304347826087
-0.0117407304889423


54.4734677087618
34.4398888888889
0.880952380952381
-0.0531294580247535


54.4729192376251
34.3756296296296
0.972222222222222
-0.0608558872034722


54.4738790621144
34.302037037037
0.875
-0.00779184780992053


54.4779925956396
34.1117777777778
0.875
-0.00756299537743325


