Generation 3
55.1867544220485
36.6065185185185
0.928571428571429
-1.02965061619766


55.1788015905663
36.2707777777778
0.944444444444444
-1.73478691279139


55.8412176059235
38.8588888888889
0.916666666666667
-1.97804047992397


56.1423282599753
38.6193333333333
0.928571428571429
-2.82657403981754


55.8440970793912
37.6882592592592
0.904761904761905
-1.3480592729006


56.1314959550254
38.4757037037037
0.904761904761905
-1.40956789954994


56.4389140271493
38.7101481481482
0.888888888888889
-1.83082347189351


55.8383381324557
37.4384074074074
0.928571428571429
-1.39777640570986


55.5325654737419
37.9478148148148
0.928571428571429
-1.37601029113572


